fractal=julia_g
c.real=01.263000000843
c.imgn=00.124999999976
symmetry=01.400000006058
depth=23
occlusion=substraction
zoom=01.760637228605
x_offset=-238
y_offset=-161
width=356
height=313
