fractal=julia_g
c.real=-1.7169999991143
c.imgn=00.790999999353
symmetry=00.540000006649
depth=41
occlusion=angle
zoom=01.908822641592
x_offset=-345
y_offset=-451
width=356
height=313
