fractal=julia_g
c.real=-0.3369999999948
c.imgn=00.425999999957
symmetry=01.490000006032
depth=67
occlusion=substraction
zoom=00.146715902962
x_offset=-65
y_offset=-552
width=356
height=313
