fractal=julia_g
c.real=00.000000000087
c.imgn=00.271999999932
symmetry=01.290000006078
depth=26
occlusion=substraction
zoom=01.199403519957
x_offset=-215
y_offset=-203
width=356
height=313
