fractal=julia_g
c.real=-1.7169999991143
c.imgn=00.790999999353
symmetry=00.540000006649
depth=64
occlusion=angle
zoom=00.065391337249
x_offset=-3397
y_offset=-1251
width=356
height=313
