fractal=julia_g
c.real=-0.1359999999720
c.imgn=00.769999999313
symmetry=00.540000006649
depth=41
occlusion=angle
zoom=03.570731800025
x_offset=-191
y_offset=-215
width=356
height=313
