fractal=julia_g
c.real=00.583000000407
c.imgn=-0.5150000004456
symmetry=08.300000000496
depth=32
occlusion=substraction
zoom=00.960399999771
x_offset=-190
y_offset=-158
width=356
height=313
