fractal=julia_g
c.real=00.464000000489
c.imgn=-0.1870000000610
symmetry=02.460000006856
depth=66
occlusion=substraction
zoom=00.941191099835
x_offset=-187
y_offset=-159
width=356
height=313
