fractal=julia_g
c.real=00.463000000485
c.imgn=-0.5540000004816
symmetry=07.680000000690
depth=32
occlusion=substraction
zoom=00.960399999771
x_offset=-180
y_offset=-154
width=356
height=313
