fractal=julia_g
c.real=00.338500000049
c.imgn=-0.7460000008036
symmetry=08.000000004254
depth=31
occlusion=substraction
zoom=00.211060920762
x_offset=-1239
y_offset=-660
width=2487
height=1372
