fractal=00.2610000000408
c.real=-0.00800000000424
c.imgn=01.1000000008044
symmetry=00.2610000000408
depth=4345873
occlusion=GET_OCCLUSION
zoom=
x_offset=-115
y_offset=-126
width=256
height=256
