fractal=julia_g
c.real=-0.1089999999122
c.imgn=00.246999999991
symmetry=-1.2999999939631
depth=38
occlusion=substraction
zoom=01.353969447943
x_offset=-190
y_offset=-191
width=356
height=313
