fractal=julia_3
c.real=09085.101908440
c.imgn=-15.448900002069
symmetry=02.000000000640
depth=32
occlusion=depth
zoom=00.119877574613
x_offset=-133
y_offset=-118
width=256
height=256
