fractal=julia_g
c.real=00.144000000049
c.imgn=00.364999999999
symmetry=01.490000006450
depth=94
occlusion=substraction
zoom=00.198648850000
x_offset=-114
y_offset=-132
width=356
height=313
