fractal=julia_g
c.real=-0.7279999997306
c.imgn=-0.4450000008668
symmetry=-0.5399999935906
depth=5
occlusion=angle
zoom=00.329180547378
x_offset=-684
y_offset=-611
width=1850
height=1016
