fractal=julia_g
c.real=-0.7079999993948
c.imgn=-1.4100000002437
symmetry=-0.5399999931108
depth=43
occlusion=angle
zoom=02.691053246226
x_offset=-156
y_offset=-130
width=356
height=313
