fractal=julia_g
c.real=00.211000000083
c.imgn=-0.2900000000650
symmetry=01.510000006490
depth=1
occlusion=substraction
zoom=00.534574632273
x_offset=27
y_offset=-8
width=356
height=313
