fractal=julia_g
c.real=-1.7699999991343
c.imgn=00.966999999596
symmetry=-0.5399999935906
depth=28
occlusion=angle
zoom=00.001867710413
x_offset=12600
y_offset=11027
width=356
height=313
