fractal=julia_t
c.real=-0.2150000000406
c.imgn=00.993000000440
symmetry=-64.849999933984
depth=1
occlusion=angle
zoom=01.000000000828
x_offset=-256
y_offset=-256
width=512
height=512
