fractal=mbrot_n
c.real=-0.0119957000065
c.imgn=00.089000000060
symmetry=076.89000006060
depth=11
occlusion=angle
zoom=00.003493825368
x_offset=-12979
y_offset=-33474
width=377
height=367
