fractal=julia_3
c.real=00.447999999710
c.imgn=00.024000002044
symmetry=05.760000004469
depth=137
occlusion=beam
zoom=00.297553142638
x_offset=-117
y_offset=-116
width=256
height=256
