fractal=julia_g
c.real=00.728000000423
c.imgn=-0.6950000004432
symmetry=08.300000000496
depth=23
occlusion=substraction
zoom=00.960399999771
x_offset=-190
y_offset=-158
width=356
height=313
