fractal=julia_g
c.real=00.324000000067
c.imgn=-0.8090000004212
symmetry=08.000000000016
depth=6
occlusion=substraction
zoom=00.709321766520
x_offset=-175
y_offset=-149
width=356
height=313
