fractal=julia_g
c.real=-0.1409999999304
c.imgn=00.154999999914
symmetry=01.330000006074
depth=10
occlusion=substraction
zoom=01.326890058941
x_offset=-155
y_offset=-161
width=356
height=313
