fractal=julia_g
c.real=-0.7169999993922
c.imgn=-1.1790000008479
symmetry=-0.5399999931108
depth=64
occlusion=angle
zoom=00.903920796649
x_offset=-165
y_offset=-175
width=356
height=313
