fractal=julia_g
c.real=-0.8344999999338
c.imgn=00.267699999594
symmetry=08.000000004634
depth=17
occlusion=substraction
zoom=00.579567526895
x_offset=-175
y_offset=-156
width=356
height=313
