fractal=julia_g
c.real=00.071000000085
c.imgn=-0.0000000000620
symmetry=01.200000006045
depth=169
occlusion=angle
zoom=00.248084266832
x_offset=-428
y_offset=-194
width=356
height=313
