fractal=julia_g
c.real=-1.7699999995969
c.imgn=00.966999999717
symmetry=-0.5399999931108
depth=28
occlusion=angle
zoom=00.001526055390
x_offset=15500
y_offset=13565
width=356
height=313
