fractal=julia_g
c.real=00.141000000005
c.imgn=00.108999999970
symmetry=01.230000006692
depth=66
occlusion=substraction
zoom=01.151907139654
x_offset=-194
y_offset=-167
width=356
height=313
