fractal=julia_g
c.real=00.295000000029
c.imgn=00.016999999992
symmetry=01.320000006076
depth=62
occlusion=substraction
zoom=01.409797425946
x_offset=-218
y_offset=-168
width=356
height=313
