fractal=julia_g
c.real=00.009000000085
c.imgn=-0.5230000004838
symmetry=01.280000006630
depth=26
occlusion=substraction
zoom=01.623955720608
x_offset=-212
y_offset=-127
width=356
height=313
