fractal=julia_g
c.real=00.071000000007
c.imgn=-0.0000000000620
symmetry=01.210000006421
depth=5
occlusion=angle
zoom=00.493074620054
x_offset=-943
y_offset=-507
width=1850
height=1016
