fractal=julia_g
c.real=00.247000000280
c.imgn=01.306999999110
symmetry=-1.2899999933871
depth=42
occlusion=angle
zoom=02.154810701287
x_offset=-426
y_offset=-246
width=693
height=553
