fractal=julia_g
c.real=00.144000000027
c.imgn=00.364999999973
symmetry=01.490000006296
depth=94
occlusion=substraction
zoom=00.198648850046
x_offset=-95
y_offset=-195
width=356
height=313
