fractal=julia_g
c.real=00.086000000021
c.imgn=-0.0000000000620
symmetry=01.200000006045
depth=94
occlusion=angle
zoom=00.099947659518
x_offset=258
y_offset=-534
width=356
height=313
