fractal=julia_g
c.real=-0.2019999999528
c.imgn=00.069999999990
symmetry=01.490000006296
depth=30
occlusion=substraction
zoom=00.603464729138
x_offset=-136
y_offset=-168
width=356
height=313
