fractal=julia_g
c.real=00.071000000063
c.imgn=-0.0000000000620
symmetry=01.200000006607
depth=53
occlusion=angle
zoom=00.402877864297
x_offset=-241
y_offset=-222
width=555
height=462
