fractal=julia_g
c.real=00.319200000043
c.imgn=-0.8065000008490
symmetry=08.000000004254
depth=9
occlusion=substraction
zoom=00.641170696746
x_offset=-172
y_offset=-148
width=356
height=313
