fractal=julia_g
c.real=00.185000000003
c.imgn=00.050999999971
symmetry=01.400000006450
depth=53
occlusion=angle
zoom=01.326890058344
x_offset=-155
y_offset=-161
width=356
height=313
