fractal=julia_g
c.real=-1.1539999991974
c.imgn=00.531999999375
symmetry=02.170000006491
depth=26
occlusion=angle
zoom=00.493074620490
x_offset=-343
y_offset=-229
width=693
height=553
