fractal=julia_t
c.real=-0.2450000000406
c.imgn=00.968000000626
symmetry=-28.029999993930
depth=1
occlusion=angle
zoom=00.080031224403
x_offset=-256
y_offset=-256
width=512
height=512
