fractal=julia_n
c.real=00.637200000464
c.imgn=-0.4635000002225
symmetry=01.120000004854
depth=22
occlusion=substraction
zoom=00.769022390567
x_offset=-227
y_offset=-279
width=445
height=421
