fractal=julia_g
c.real=-0.6597999997574
c.imgn=00.789999999315
symmetry=018.84000000261
depth=29
occlusion=angle
zoom=00.020673144125
x_offset=-1373
y_offset=-3226
width=693
height=553
