fractal=julia_g
c.real=00.086000000001
c.imgn=-0.0000000000620
symmetry=01.200000006821
depth=101
occlusion=angle
zoom=00.049281654232
x_offset=232
y_offset=260
width=1850
height=1016
