fractal=julia_g
c.real=-1.3969999991383
c.imgn=-0.0000000000620
symmetry=-1.9899999933722
depth=1
occlusion=angle
zoom=01.438568801026
x_offset=-180
y_offset=-150
width=356
height=313
