fractal=julia_g
c.real=-1.0109999997140
c.imgn=01.026999999773
symmetry=03.500000006277
depth=1
occlusion=substraction
zoom=081921.44655422
x_offset=-196
y_offset=-145
width=356
height=313
