fractal=julia_g
c.real=-0.7279999995126
c.imgn=-0.4450000006606
symmetry=-1.1399999931707
depth=52
occlusion=angle
zoom=01.062482468966
x_offset=-773
y_offset=-414
width=1850
height=1016
