fractal=julia_g
c.real=06.487300004428
c.imgn=07.677999993756
symmetry=-0.1159999931219
depth=1
occlusion=substraction
zoom=00.002854709700
x_offset=-179
y_offset=-181
width=356
height=313
