fractal=julia_g
c.real=02.283000000029
c.imgn=-0.5150000004896
symmetry=-3.4999999931046
depth=5
occlusion=substraction
zoom=01.300352257772
x_offset=-183
y_offset=-144
width=356
height=313
