fractal=julia_g
c.real=-0.7279999993946
c.imgn=-0.4450000004644
symmetry=-0.5399999931108
depth=5
occlusion=angle
zoom=01.657097673124
x_offset=-179
y_offset=-169
width=356
height=313
