fractal=julia_g
c.real=-1.7719999999930
c.imgn=00.096999999970
symmetry=-999999989.82822
depth=1
occlusion=angle
zoom=00.002108400381
x_offset=-60846
y_offset=-279
width=693
height=553
