fractal=julia_g
c.real=00.144000000049
c.imgn=00.364999999999
symmetry=01.520000006498
depth=245
occlusion=substraction
zoom=00.057926417872
x_offset=-1296
y_offset=-676
width=1633
height=1561
