fractal=julia_g
c.real=-1.7719999993550
c.imgn=00.096999999993
symmetry=02.020000006492
depth=12
occlusion=angle
zoom=00.493074620054
x_offset=-343
y_offset=-229
width=693
height=553
