fractal=julia_g
c.real=01.163000000867
c.imgn=02.119999999552
symmetry=010.00000000405
depth=23
occlusion=substraction
zoom=01.062482469897
x_offset=-189
y_offset=-154
width=356
height=313
