fractal=julia_g
c.real=00.110000000021
c.imgn=-0.0000000000620
symmetry=01.200000006045
depth=17
occlusion=angle
zoom=01.409797425391
x_offset=-194
y_offset=-165
width=356
height=313
