fractal=julia_n
c.real=00.172200000002
c.imgn=-0.1035000008249
symmetry=01.270000004014
depth=16
occlusion=substraction
zoom=01.438568803524
x_offset=-177
y_offset=-136
width=356
height=313
