fractal=julia_g
c.real=-0.6069999997192
c.imgn=00.470999999399
symmetry=02.790000006857
depth=19
occlusion=angle
zoom=00.603464729448
x_offset=-367
y_offset=-262
width=693
height=553
