fractal=julia_g
c.real=-1.0109999997140
c.imgn=01.026999999773
symmetry=-3.4999999931046
depth=1
occlusion=substraction
zoom=00.000030299047
x_offset=-183
y_offset=-151
width=356
height=313
